(kicad_pcb (version 20171130) (host pcbnew 5.1.2-f72e74a~84~ubuntu16.04.1)

  (general
    (thickness 1.6)
    (drawings 118)
    (tracks 0)
    (zones 0)
    (modules 12)
    (nets 9)
  )

  (page A4)
  (layers
    (0 F.Cu signal hide)
    (31 B.Cu signal)
    (32 B.Adhes user hide)
    (33 F.Adhes user hide)
    (34 B.Paste user)
    (35 F.Paste user hide)
    (36 B.SilkS user)
    (37 F.SilkS user hide)
    (38 B.Mask user)
    (39 F.Mask user)
    (40 Dwgs.User user hide)
    (41 Cmts.User user hide)
    (42 Eco1.User user hide)
    (43 Eco2.User user hide)
    (44 Edge.Cuts user)
    (45 Margin user hide)
    (46 B.CrtYd user)
    (47 F.CrtYd user hide)
    (48 B.Fab user)
    (49 F.Fab user hide)
  )

  (setup
    (last_trace_width 0.25)
    (trace_clearance 0.2)
    (zone_clearance 0.508)
    (zone_45_only no)
    (trace_min 0.2)
    (via_size 0.8)
    (via_drill 0.4)
    (via_min_size 0.4)
    (via_min_drill 0.3)
    (uvia_size 0.3)
    (uvia_drill 0.1)
    (uvias_allowed no)
    (uvia_min_size 0.2)
    (uvia_min_drill 0.1)
    (edge_width 0.05)
    (segment_width 0.2)
    (pcb_text_width 0.3)
    (pcb_text_size 1.5 1.5)
    (mod_edge_width 0.12)
    (mod_text_size 1 1)
    (mod_text_width 0.15)
    (pad_size 1.524 1.524)
    (pad_drill 0.762)
    (pad_to_mask_clearance 0.051)
    (solder_mask_min_width 0.25)
    (aux_axis_origin 0 0)
    (visible_elements FFFFFF7F)
    (pcbplotparams
      (layerselection 0x010fc_ffffffff)
      (usegerberextensions false)
      (usegerberattributes false)
      (usegerberadvancedattributes false)
      (creategerberjobfile false)
      (excludeedgelayer true)
      (linewidth 0.100000)
      (plotframeref false)
      (viasonmask false)
      (mode 1)
      (useauxorigin false)
      (hpglpennumber 1)
      (hpglpenspeed 20)
      (hpglpendiameter 15.000000)
      (psnegative false)
      (psa4output false)
      (plotreference true)
      (plotvalue true)
      (plotinvisibletext false)
      (padsonsilk false)
      (subtractmaskfromsilk false)
      (outputformat 1)
      (mirror false)
      (drillshape 1)
      (scaleselection 1)
      (outputdirectory ""))
  )

  (net 0 "")
  (net 1 GND)
  (net 2 "Net-(D1-Pad2)")
  (net 3 "Net-(D4-Pad2)")
  (net 4 VCC)
  (net 5 "Net-(X1-Pad5)")
  (net 6 "Net-(X1-Pad6)")
  (net 7 "Net-(X1-Pad3)")
  (net 8 "Net-(X1-Pad4)")

  (net_class Default "This is the default net class."
    (clearance 0.2)
    (trace_width 0.25)
    (via_dia 0.8)
    (via_drill 0.4)
    (uvia_dia 0.3)
    (uvia_drill 0.1)
    (add_net GND)
    (add_net "Net-(D1-Pad2)")
    (add_net "Net-(D4-Pad2)")
    (add_net "Net-(X1-Pad3)")
    (add_net "Net-(X1-Pad4)")
    (add_net "Net-(X1-Pad5)")
    (add_net "Net-(X1-Pad6)")
    (add_net VCC)
  )

  (module Kirby_SAO:F.Silk_g4158 (layer F.Cu) (tedit 0) (tstamp 5CE64D09)
    (at 100 100)
    (fp_text reference G*** (at 0 0) (layer F.SilkS) hide
      (effects (font (size 1.524 1.524) (thickness 0.3)))
    )
    (fp_text value F.Silk (at 0.75 0) (layer F.SilkS) hide
      (effects (font (size 1.524 1.524) (thickness 0.3)))
    )
    (fp_poly (pts (xy 19.515667 -5.990167) (xy 16.488834 -5.990167) (xy 16.488834 -15.007167) (xy 19.515667 -15.007167)
      (xy 19.515667 -5.990167)) (layer F.SilkS) (width 0.01))
    (fp_poly (pts (xy 13.504334 -5.990167) (xy 10.498667 -5.990167) (xy 10.498667 -15.007167) (xy 13.504334 -15.007167)
      (xy 13.504334 -5.990167)) (layer F.SilkS) (width 0.01))
    (fp_poly (pts (xy 7.514167 0) (xy 10.519834 0) (xy 10.519834 2.9845) (xy 22.521334 2.9845)
      (xy 22.521334 6.011333) (xy 10.519834 6.011333) (xy 10.519834 9.017) (xy 7.514167 9.017)
      (xy 7.514167 12.0015) (xy 4.487334 12.0015) (xy 4.487334 8.995833) (xy 7.493 8.995833)
      (xy 7.493 0) (xy 4.487334 0) (xy 4.487334 -3.005667) (xy 7.514167 -3.005667)
      (xy 7.514167 0)) (layer F.SilkS) (width 0.01))
    (fp_poly (pts (xy 10.519834 -30.014333) (xy 16.51 -30.014333) (xy 16.51 -27.008667) (xy 22.521334 -27.008667)
      (xy 22.521334 -24.003) (xy 25.505834 -24.003) (xy 25.505834 -21.0185) (xy 28.5115 -21.0185)
      (xy 28.5115 -15.007167) (xy 31.517167 -15.007167) (xy 31.517167 -9.017) (xy 34.501667 -9.017)
      (xy 34.501667 9.017) (xy 31.517167 9.017) (xy 31.517167 15.007167) (xy 28.5115 15.007167)
      (xy 28.5115 20.997333) (xy 31.517167 20.997333) (xy 31.517167 23.981833) (xy 34.501667 23.981833)
      (xy 34.501667 30.014333) (xy 31.517167 30.014333) (xy 31.517167 32.998833) (xy 13.483167 32.998833)
      (xy 13.483167 30.014333) (xy 10.519834 30.014333) (xy 10.519834 32.998833) (xy -7.514166 32.998833)
      (xy -7.514166 30.014333) (xy -10.498666 30.014333) (xy -10.498666 32.998833) (xy -28.5115 32.998833)
      (xy -28.5115 30.014333) (xy -31.517166 30.014333) (xy -31.517166 24.003) (xy -28.490333 24.003)
      (xy -28.490333 29.993167) (xy -13.504333 29.993167) (xy -13.504333 27.008667) (xy -19.515666 27.008667)
      (xy -19.515666 24.003) (xy -22.521333 24.003) (xy -22.521333 21.0185) (xy -25.484666 21.0185)
      (xy -25.484666 24.003) (xy -28.490333 24.003) (xy -31.517166 24.003) (xy -31.517166 23.981833)
      (xy -28.5115 23.981833) (xy -28.5115 20.997333) (xy -25.505833 20.997333) (xy -25.505833 15.007167)
      (xy -28.5115 15.007167) (xy -28.5115 9.017) (xy -31.517166 9.017) (xy -31.517166 6.011333)
      (xy -34.501666 6.011333) (xy -34.501666 -8.995833) (xy -31.496 -8.995833) (xy -31.496 5.990167)
      (xy -28.490333 5.990167) (xy -28.490333 8.995833) (xy -19.515666 8.995833) (xy -19.515666 5.990167)
      (xy -16.488833 5.990167) (xy -16.488833 9.017) (xy -19.4945 9.017) (xy -19.4945 12.0015)
      (xy -25.484666 12.0015) (xy -25.484666 14.986) (xy -22.500166 14.986) (xy -22.500166 20.997333)
      (xy -19.4945 20.997333) (xy -19.4945 23.981833) (xy -13.483166 23.981833) (xy -13.483166 26.9875)
      (xy -7.493 26.9875) (xy -7.493 29.993167) (xy 10.498667 29.993167) (xy 10.498667 27.008667)
      (xy 16.51 27.008667) (xy 16.51 29.993167) (xy 31.496 29.993167) (xy 31.496 24.003)
      (xy 28.490334 24.003) (xy 28.490334 21.0185) (xy 25.505834 21.0185) (xy 25.505834 24.003)
      (xy 22.521334 24.003) (xy 22.521334 27.008667) (xy 16.51 27.008667) (xy 10.498667 27.008667)
      (xy 10.498667 26.9875) (xy 16.488834 26.9875) (xy 16.488834 23.981833) (xy 22.500167 23.981833)
      (xy 22.500167 20.997333) (xy 25.484667 20.997333) (xy 25.484667 14.986) (xy 28.490334 14.986)
      (xy 28.490334 8.995833) (xy 31.496 8.995833) (xy 31.496 -8.995833) (xy 28.490334 -8.995833)
      (xy 28.490334 -14.986) (xy 25.484667 -14.986) (xy 25.484667 -20.997333) (xy 22.500167 -20.997333)
      (xy 22.500167 -23.981833) (xy 16.488834 -23.981833) (xy 16.488834 -26.9875) (xy 10.498667 -26.9875)
      (xy 10.498667 -29.993167) (xy -7.493 -29.993167) (xy -7.493 -26.9875) (xy -16.488833 -26.9875)
      (xy -16.488833 -23.981833) (xy -22.500166 -23.981833) (xy -22.500166 -20.997333) (xy -25.484666 -20.997333)
      (xy -25.484666 -14.986) (xy -28.490333 -14.986) (xy -28.490333 -8.995833) (xy -31.496 -8.995833)
      (xy -34.501666 -8.995833) (xy -34.501666 -9.017) (xy -31.517166 -9.017) (xy -31.517166 -15.007167)
      (xy -28.5115 -15.007167) (xy -28.5115 -21.0185) (xy -25.505833 -21.0185) (xy -25.505833 -24.003)
      (xy -22.521333 -24.003) (xy -22.521333 -27.008667) (xy -16.51 -27.008667) (xy -16.51 -30.014333)
      (xy -7.514166 -30.014333) (xy -7.514166 -32.998833) (xy 10.519834 -32.998833) (xy 10.519834 -30.014333)) (layer F.SilkS) (width 0.01))
  )

  (module Kirby_SAO:F.Mask_g4156 (layer F.Cu) (tedit 0) (tstamp 5CE6FFD4)
    (at 100 100)
    (fp_text reference G*** (at 0 0) (layer F.SilkS) hide
      (effects (font (size 1.524 1.524) (thickness 0.3)))
    )
    (fp_text value F.Mask (at 0.75 0) (layer F.SilkS) hide
      (effects (font (size 1.524 1.524) (thickness 0.3)))
    )
    (fp_poly (pts (xy 28.5115 -2.9845) (xy 22.500167 -2.9845) (xy 22.500167 -6.011333) (xy 28.5115 -6.011333)
      (xy 28.5115 -2.9845)) (layer F.Mask) (width 0.01))
    (fp_poly (pts (xy 1.502834 -2.9845) (xy -4.5085 -2.9845) (xy -4.5085 -6.011333) (xy 1.502834 -6.011333)
      (xy 1.502834 -2.9845)) (layer F.Mask) (width 0.01))
    (fp_poly (pts (xy 28.5115 23.981833) (xy 31.517167 23.981833) (xy 31.517167 30.014333) (xy 16.488834 30.014333)
      (xy 16.488834 26.9875) (xy 22.500167 26.9875) (xy 22.500167 23.981833) (xy 25.484667 23.981833)
      (xy 25.484667 20.997333) (xy 28.5115 20.997333) (xy 28.5115 23.981833)) (layer F.Mask) (width 0.01))
    (fp_poly (pts (xy -22.500166 23.981833) (xy -19.4945 23.981833) (xy -19.4945 26.9875) (xy -13.483166 26.9875)
      (xy -13.483166 30.014333) (xy -28.5115 30.014333) (xy -28.5115 23.981833) (xy -25.505833 23.981833)
      (xy -25.505833 20.997333) (xy -22.500166 20.997333) (xy -22.500166 23.981833)) (layer F.Mask) (width 0.01))
  )

  (module Kirby_SAO:F.Cu_g4154 (layer F.Cu) (tedit 0) (tstamp 5CE64A51)
    (at 100 100)
    (fp_text reference G*** (at 0 0) (layer F.SilkS) hide
      (effects (font (size 1.524 1.524) (thickness 0.3)))
    )
    (fp_text value F.Cu (at 0.75 0) (layer F.SilkS) hide
      (effects (font (size 1.524 1.524) (thickness 0.3)))
    )
    (fp_poly (pts (xy 10.519834 -30.014333) (xy 16.51 -30.014333) (xy 16.51 -27.008667) (xy 22.521334 -27.008667)
      (xy 22.521334 -24.003) (xy 25.505834 -24.003) (xy 25.505834 -21.0185) (xy 28.5115 -21.0185)
      (xy 28.5115 -15.007167) (xy 31.517167 -15.007167) (xy 31.517167 -9.017) (xy 34.501667 -9.017)
      (xy 34.501667 9.017) (xy 31.517167 9.017) (xy 31.517167 15.007167) (xy 28.5115 15.007167)
      (xy 28.5115 20.997333) (xy 31.517167 20.997333) (xy 31.517167 23.981833) (xy 34.501667 23.981833)
      (xy 34.501667 30.014333) (xy 31.517167 30.014333) (xy 31.517167 32.998833) (xy 13.483167 32.998833)
      (xy 13.483167 30.014333) (xy 10.519834 30.014333) (xy 10.519834 32.998833) (xy -7.514166 32.998833)
      (xy -7.514166 30.014333) (xy -10.498666 30.014333) (xy -10.498666 32.998833) (xy -28.5115 32.998833)
      (xy -28.5115 30.014333) (xy -31.517166 30.014333) (xy -31.517166 24.003) (xy -28.490333 24.003)
      (xy -28.490333 29.993167) (xy -13.504333 29.993167) (xy -13.504333 27.008667) (xy -19.515666 27.008667)
      (xy -19.515666 24.003) (xy -22.521333 24.003) (xy -22.521333 21.0185) (xy -25.484666 21.0185)
      (xy -25.484666 24.003) (xy -28.490333 24.003) (xy -31.517166 24.003) (xy -31.517166 23.981833)
      (xy -28.5115 23.981833) (xy -28.5115 20.997333) (xy -25.505833 20.997333) (xy -25.505833 15.007167)
      (xy -22.500166 15.007167) (xy -22.500166 20.997333) (xy -19.4945 20.997333) (xy -19.4945 23.981833)
      (xy -13.483166 23.981833) (xy -13.483166 26.9875) (xy -7.493 26.9875) (xy -7.493 29.993167)
      (xy 10.498667 29.993167) (xy 10.498667 27.008667) (xy 16.51 27.008667) (xy 16.51 29.993167)
      (xy 31.496 29.993167) (xy 31.496 24.003) (xy 28.490334 24.003) (xy 28.490334 21.0185)
      (xy 25.505834 21.0185) (xy 25.505834 24.003) (xy 22.521334 24.003) (xy 22.521334 27.008667)
      (xy 16.51 27.008667) (xy 10.498667 27.008667) (xy 10.498667 26.9875) (xy 16.488834 26.9875)
      (xy 16.488834 23.981833) (xy 22.500167 23.981833) (xy 22.500167 20.997333) (xy 25.484667 20.997333)
      (xy 25.484667 15.007167) (xy 22.521334 15.007167) (xy 22.521334 18.012833) (xy 19.515667 18.012833)
      (xy 19.515667 21.0185) (xy 13.504334 21.0185) (xy 13.504334 24.003) (xy 7.514167 24.003)
      (xy 7.514167 27.008667) (xy -4.5085 27.008667) (xy -4.5085 24.003) (xy -10.519833 24.003)
      (xy -10.519833 21.0185) (xy -16.51 21.0185) (xy -16.51 18.012833) (xy -19.515666 18.012833)
      (xy -19.515666 15.007167) (xy -22.500166 15.007167) (xy -25.505833 15.007167) (xy -28.5115 15.007167)
      (xy -28.5115 12.0015) (xy -25.484666 12.0015) (xy -25.484666 14.986) (xy -22.521333 14.986)
      (xy -22.521333 12.0015) (xy -25.484666 12.0015) (xy -28.5115 12.0015) (xy -28.5115 9.017)
      (xy -19.4945 9.017) (xy -19.4945 11.980333) (xy -16.51 11.980333) (xy -16.51 9.017)
      (xy 25.505834 9.017) (xy 25.505834 14.986) (xy 28.490334 14.986) (xy 28.490334 9.017)
      (xy 25.505834 9.017) (xy -16.51 9.017) (xy -19.4945 9.017) (xy -28.5115 9.017)
      (xy -31.517166 9.017) (xy -31.517166 6.011333) (xy -28.490333 6.011333) (xy -28.490333 8.995833)
      (xy -25.505833 8.995833) (xy -25.505833 6.011333) (xy -22.500166 6.011333) (xy -22.500166 8.995833)
      (xy -19.515666 8.995833) (xy -19.515666 6.011333) (xy -22.500166 6.011333) (xy -25.505833 6.011333)
      (xy -28.490333 6.011333) (xy -31.517166 6.011333) (xy -34.501666 6.011333) (xy -34.501666 3.005667)
      (xy -31.496 3.005667) (xy -31.496 5.990167) (xy -28.5115 5.990167) (xy -28.5115 3.005667)
      (xy -19.4945 3.005667) (xy -19.4945 5.990167) (xy -16.51 5.990167) (xy -16.51 3.005667)
      (xy 28.5115 3.005667) (xy 28.5115 8.995833) (xy 31.496 8.995833) (xy 31.496 3.005667)
      (xy 28.5115 3.005667) (xy -16.51 3.005667) (xy -19.4945 3.005667) (xy -28.5115 3.005667)
      (xy -31.496 3.005667) (xy -34.501666 3.005667) (xy -34.501666 0.021167) (xy 19.515667 0.021167)
      (xy 19.515667 2.9845) (xy 22.500167 2.9845) (xy 22.500167 0.021167) (xy 19.515667 0.021167)
      (xy -34.501666 0.021167) (xy -34.501666 -5.990167) (xy -4.487333 -5.990167) (xy -4.487333 -3.005667)
      (xy 1.481667 -3.005667) (xy 1.481667 -5.990167) (xy 22.521334 -5.990167) (xy 22.521334 -3.005667)
      (xy 28.490334 -3.005667) (xy 28.490334 -5.990167) (xy 22.521334 -5.990167) (xy 1.481667 -5.990167)
      (xy -4.487333 -5.990167) (xy -34.501666 -5.990167) (xy -34.501666 -8.995833) (xy -31.496 -8.995833)
      (xy -31.496 -6.011333) (xy -28.5115 -6.011333) (xy -28.5115 -8.995833) (xy 28.5115 -8.995833)
      (xy 28.5115 -6.011333) (xy 31.496 -6.011333) (xy 31.496 -8.995833) (xy 28.5115 -8.995833)
      (xy -28.5115 -8.995833) (xy -31.496 -8.995833) (xy -34.501666 -8.995833) (xy -34.501666 -9.017)
      (xy -31.517166 -9.017) (xy -31.517166 -14.986) (xy -28.490333 -14.986) (xy -28.490333 -12.0015)
      (xy -25.505833 -12.0015) (xy -25.505833 -14.986) (xy 25.505834 -14.986) (xy 25.505834 -12.0015)
      (xy 28.490334 -12.0015) (xy 28.490334 -14.986) (xy 25.505834 -14.986) (xy -25.505833 -14.986)
      (xy -28.490333 -14.986) (xy -31.517166 -14.986) (xy -31.517166 -15.007167) (xy -28.5115 -15.007167)
      (xy -28.5115 -20.997333) (xy -25.484666 -20.997333) (xy -25.484666 -18.012833) (xy -22.521333 -18.012833)
      (xy -22.521333 -20.997333) (xy 22.521334 -20.997333) (xy 22.521334 -18.012833) (xy 25.484667 -18.012833)
      (xy 25.484667 -20.997333) (xy 22.521334 -20.997333) (xy -22.521333 -20.997333) (xy -25.484666 -20.997333)
      (xy -28.5115 -20.997333) (xy -28.5115 -21.0185) (xy -25.505833 -21.0185) (xy -25.505833 -23.981833)
      (xy -22.500166 -23.981833) (xy -22.500166 -21.0185) (xy -19.515666 -21.0185) (xy -19.515666 -23.981833)
      (xy 19.515667 -23.981833) (xy 19.515667 -21.0185) (xy 22.500167 -21.0185) (xy 22.500167 -23.981833)
      (xy 19.515667 -23.981833) (xy -19.515666 -23.981833) (xy -22.500166 -23.981833) (xy -25.505833 -23.981833)
      (xy -25.505833 -24.003) (xy -22.521333 -24.003) (xy -22.521333 -26.9875) (xy -16.488833 -26.9875)
      (xy -16.488833 -24.003) (xy -13.504333 -24.003) (xy -13.504333 -26.9875) (xy 13.504334 -26.9875)
      (xy 13.504334 -24.003) (xy 16.488834 -24.003) (xy 16.488834 -26.9875) (xy 13.504334 -26.9875)
      (xy -13.504333 -26.9875) (xy -16.488833 -26.9875) (xy -22.521333 -26.9875) (xy -22.521333 -27.008667)
      (xy -16.51 -27.008667) (xy -16.51 -29.993167) (xy -7.493 -29.993167) (xy -7.493 -27.008667)
      (xy -4.5085 -27.008667) (xy -4.5085 -29.993167) (xy 7.514167 -29.993167) (xy 7.514167 -27.008667)
      (xy 10.498667 -27.008667) (xy 10.498667 -29.993167) (xy 7.514167 -29.993167) (xy -4.5085 -29.993167)
      (xy -7.493 -29.993167) (xy -16.51 -29.993167) (xy -16.51 -30.014333) (xy -7.514166 -30.014333)
      (xy -7.514166 -32.998833) (xy 10.519834 -32.998833) (xy 10.519834 -30.014333)) (layer F.Cu) (width 0.01))
  )

  (module Kirby_SAO:1204_SIDE_VIEW_LED (layer B.Cu) (tedit 5CE464C6) (tstamp 5CE5F426)
    (at 83.25 111 180)
    (path /5CDF5510)
    (fp_text reference D1 (at -3.1 0 270) (layer B.SilkS)
      (effects (font (size 0.7 0.7) (thickness 0.15)) (justify mirror))
    )
    (fp_text value LED (at 0 4.2) (layer B.Fab)
      (effects (font (size 1 1) (thickness 0.15)) (justify mirror))
    )
    (fp_arc (start 0 0.4) (end 1 0.4) (angle 180) (layer B.SilkS) (width 0.15))
    (fp_line (start 0.3 -1.25) (end 0.3 -1.85) (layer B.SilkS) (width 0.15))
    (fp_line (start 0.3 -1.85) (end -0.3 -1.55) (layer B.SilkS) (width 0.15))
    (fp_line (start -0.3 -1.55) (end 0.3 -1.25) (layer B.SilkS) (width 0.15))
    (fp_line (start 0.3 -1.55) (end 0.6 -1.55) (layer B.SilkS) (width 0.15))
    (fp_line (start -0.3 -1.25) (end -0.3 -1.85) (layer B.SilkS) (width 0.15))
    (fp_line (start -0.3 -1.55) (end -0.6 -1.55) (layer B.SilkS) (width 0.15))
    (fp_line (start -2.1 -0.6) (end 2.1 -0.6) (layer B.CrtYd) (width 0.05))
    (fp_line (start 2.1 -0.6) (end 2.1 1.6) (layer B.CrtYd) (width 0.05))
    (fp_line (start 2.1 1.6) (end -2.1 1.6) (layer B.CrtYd) (width 0.05))
    (fp_line (start -2.1 1.6) (end -2.1 -0.6) (layer B.CrtYd) (width 0.05))
    (fp_line (start -1.8 -1.05) (end -1.2 -1.05) (layer B.SilkS) (width 0.15))
    (fp_line (start 1.5 -0.75) (end 1.5 -1.35) (layer B.SilkS) (width 0.15))
    (fp_line (start 1.2 -1.05) (end 1.8 -1.05) (layer B.SilkS) (width 0.15))
    (pad 1 smd roundrect (at -1.5 -0.05 180) (size 1 0.9) (layers B.Cu B.Paste B.Mask) (roundrect_rratio 0.1)
      (net 1 GND))
    (pad 2 smd roundrect (at 1.5 -0.05 180) (size 1 0.9) (layers B.Cu B.Paste B.Mask) (roundrect_rratio 0.1)
      (net 2 "Net-(D1-Pad2)"))
    (pad "" smd roundrect (at 0 -0.2 180) (size 0.8 0.6) (layers B.Cu B.Paste B.Mask) (roundrect_rratio 0.1))
    (model ${KIPRJMOD}/1UP_SAO.pretty/STEP-WL-SMSW-1204-rev1.stp
      (at (xyz 0 0 0))
      (scale (xyz 1 1 1))
      (rotate (xyz 90 -180 0))
    )
  )

  (module Kirby_SAO:1204_SIDE_VIEW_LED (layer B.Cu) (tedit 5CE464C6) (tstamp 5CE5F43B)
    (at 98.5 98.75 180)
    (path /5CDF7644)
    (fp_text reference D2 (at -3.1 0 270) (layer B.SilkS)
      (effects (font (size 0.7 0.7) (thickness 0.15)) (justify mirror))
    )
    (fp_text value LED (at 0 4.2) (layer B.Fab)
      (effects (font (size 1 1) (thickness 0.15)) (justify mirror))
    )
    (fp_line (start 1.2 -1.05) (end 1.8 -1.05) (layer B.SilkS) (width 0.15))
    (fp_line (start 1.5 -0.75) (end 1.5 -1.35) (layer B.SilkS) (width 0.15))
    (fp_line (start -1.8 -1.05) (end -1.2 -1.05) (layer B.SilkS) (width 0.15))
    (fp_line (start -2.1 1.6) (end -2.1 -0.6) (layer B.CrtYd) (width 0.05))
    (fp_line (start 2.1 1.6) (end -2.1 1.6) (layer B.CrtYd) (width 0.05))
    (fp_line (start 2.1 -0.6) (end 2.1 1.6) (layer B.CrtYd) (width 0.05))
    (fp_line (start -2.1 -0.6) (end 2.1 -0.6) (layer B.CrtYd) (width 0.05))
    (fp_line (start -0.3 -1.55) (end -0.6 -1.55) (layer B.SilkS) (width 0.15))
    (fp_line (start -0.3 -1.25) (end -0.3 -1.85) (layer B.SilkS) (width 0.15))
    (fp_line (start 0.3 -1.55) (end 0.6 -1.55) (layer B.SilkS) (width 0.15))
    (fp_line (start -0.3 -1.55) (end 0.3 -1.25) (layer B.SilkS) (width 0.15))
    (fp_line (start 0.3 -1.85) (end -0.3 -1.55) (layer B.SilkS) (width 0.15))
    (fp_line (start 0.3 -1.25) (end 0.3 -1.85) (layer B.SilkS) (width 0.15))
    (fp_arc (start 0 0.4) (end 1 0.4) (angle 180) (layer B.SilkS) (width 0.15))
    (pad "" smd roundrect (at 0 -0.2 180) (size 0.8 0.6) (layers B.Cu B.Paste B.Mask) (roundrect_rratio 0.1))
    (pad 2 smd roundrect (at 1.5 -0.05 180) (size 1 0.9) (layers B.Cu B.Paste B.Mask) (roundrect_rratio 0.1)
      (net 2 "Net-(D1-Pad2)"))
    (pad 1 smd roundrect (at -1.5 -0.05 180) (size 1 0.9) (layers B.Cu B.Paste B.Mask) (roundrect_rratio 0.1)
      (net 1 GND))
    (model ${KIPRJMOD}/1UP_SAO.pretty/STEP-WL-SMSW-1204-rev1.stp
      (at (xyz 0 0 0))
      (scale (xyz 1 1 1))
      (rotate (xyz 90 -180 0))
    )
  )

  (module Kirby_SAO:1204_SIDE_VIEW_LED (layer B.Cu) (tedit 5CE464C6) (tstamp 5CE5F450)
    (at 85.5 96.25)
    (path /5CDFCAD5)
    (fp_text reference D3 (at -3.1 0 -90) (layer B.SilkS)
      (effects (font (size 0.7 0.7) (thickness 0.15)) (justify mirror))
    )
    (fp_text value LED (at 0 4.2) (layer B.Fab)
      (effects (font (size 1 1) (thickness 0.15)) (justify mirror))
    )
    (fp_arc (start 0 0.4) (end 1 0.4) (angle 180) (layer B.SilkS) (width 0.15))
    (fp_line (start 0.3 -1.25) (end 0.3 -1.85) (layer B.SilkS) (width 0.15))
    (fp_line (start 0.3 -1.85) (end -0.3 -1.55) (layer B.SilkS) (width 0.15))
    (fp_line (start -0.3 -1.55) (end 0.3 -1.25) (layer B.SilkS) (width 0.15))
    (fp_line (start 0.3 -1.55) (end 0.6 -1.55) (layer B.SilkS) (width 0.15))
    (fp_line (start -0.3 -1.25) (end -0.3 -1.85) (layer B.SilkS) (width 0.15))
    (fp_line (start -0.3 -1.55) (end -0.6 -1.55) (layer B.SilkS) (width 0.15))
    (fp_line (start -2.1 -0.6) (end 2.1 -0.6) (layer B.CrtYd) (width 0.05))
    (fp_line (start 2.1 -0.6) (end 2.1 1.6) (layer B.CrtYd) (width 0.05))
    (fp_line (start 2.1 1.6) (end -2.1 1.6) (layer B.CrtYd) (width 0.05))
    (fp_line (start -2.1 1.6) (end -2.1 -0.6) (layer B.CrtYd) (width 0.05))
    (fp_line (start -1.8 -1.05) (end -1.2 -1.05) (layer B.SilkS) (width 0.15))
    (fp_line (start 1.5 -0.75) (end 1.5 -1.35) (layer B.SilkS) (width 0.15))
    (fp_line (start 1.2 -1.05) (end 1.8 -1.05) (layer B.SilkS) (width 0.15))
    (pad 1 smd roundrect (at -1.5 -0.05) (size 1 0.9) (layers B.Cu B.Paste B.Mask) (roundrect_rratio 0.1)
      (net 1 GND))
    (pad 2 smd roundrect (at 1.5 -0.05) (size 1 0.9) (layers B.Cu B.Paste B.Mask) (roundrect_rratio 0.1)
      (net 2 "Net-(D1-Pad2)"))
    (pad "" smd roundrect (at 0 -0.2) (size 0.8 0.6) (layers B.Cu B.Paste B.Mask) (roundrect_rratio 0.1))
    (model ${KIPRJMOD}/1UP_SAO.pretty/STEP-WL-SMSW-1204-rev1.stp
      (at (xyz 0 0 0))
      (scale (xyz 1 1 1))
      (rotate (xyz 90 -180 0))
    )
  )

  (module Kirby_SAO:1204_SIDE_VIEW_LED (layer B.Cu) (tedit 5CE464C6) (tstamp 5CE5F465)
    (at 124.75 118)
    (path /5CE0217D)
    (fp_text reference D4 (at -3.1 0 -90) (layer B.SilkS)
      (effects (font (size 0.7 0.7) (thickness 0.15)) (justify mirror))
    )
    (fp_text value LED (at 0 4.2) (layer B.Fab)
      (effects (font (size 1 1) (thickness 0.15)) (justify mirror))
    )
    (fp_line (start 1.2 -1.05) (end 1.8 -1.05) (layer B.SilkS) (width 0.15))
    (fp_line (start 1.5 -0.75) (end 1.5 -1.35) (layer B.SilkS) (width 0.15))
    (fp_line (start -1.8 -1.05) (end -1.2 -1.05) (layer B.SilkS) (width 0.15))
    (fp_line (start -2.1 1.6) (end -2.1 -0.6) (layer B.CrtYd) (width 0.05))
    (fp_line (start 2.1 1.6) (end -2.1 1.6) (layer B.CrtYd) (width 0.05))
    (fp_line (start 2.1 -0.6) (end 2.1 1.6) (layer B.CrtYd) (width 0.05))
    (fp_line (start -2.1 -0.6) (end 2.1 -0.6) (layer B.CrtYd) (width 0.05))
    (fp_line (start -0.3 -1.55) (end -0.6 -1.55) (layer B.SilkS) (width 0.15))
    (fp_line (start -0.3 -1.25) (end -0.3 -1.85) (layer B.SilkS) (width 0.15))
    (fp_line (start 0.3 -1.55) (end 0.6 -1.55) (layer B.SilkS) (width 0.15))
    (fp_line (start -0.3 -1.55) (end 0.3 -1.25) (layer B.SilkS) (width 0.15))
    (fp_line (start 0.3 -1.85) (end -0.3 -1.55) (layer B.SilkS) (width 0.15))
    (fp_line (start 0.3 -1.25) (end 0.3 -1.85) (layer B.SilkS) (width 0.15))
    (fp_arc (start 0 0.4) (end 1 0.4) (angle 180) (layer B.SilkS) (width 0.15))
    (pad "" smd roundrect (at 0 -0.2) (size 0.8 0.6) (layers B.Cu B.Paste B.Mask) (roundrect_rratio 0.1))
    (pad 2 smd roundrect (at 1.5 -0.05) (size 1 0.9) (layers B.Cu B.Paste B.Mask) (roundrect_rratio 0.1)
      (net 3 "Net-(D4-Pad2)"))
    (pad 1 smd roundrect (at -1.5 -0.05) (size 1 0.9) (layers B.Cu B.Paste B.Mask) (roundrect_rratio 0.1)
      (net 1 GND))
    (model ${KIPRJMOD}/1UP_SAO.pretty/STEP-WL-SMSW-1204-rev1.stp
      (at (xyz 0 0 0))
      (scale (xyz 1 1 1))
      (rotate (xyz 90 -180 0))
    )
  )

  (module Kirby_SAO:1204_SIDE_VIEW_LED (layer B.Cu) (tedit 5CE464C6) (tstamp 5CE7016B)
    (at 125.5 98.75 180)
    (path /5CE02187)
    (fp_text reference D5 (at -3.1 0 270) (layer B.SilkS)
      (effects (font (size 0.7 0.7) (thickness 0.15)) (justify mirror))
    )
    (fp_text value LED (at 0 4.2) (layer B.Fab)
      (effects (font (size 1 1) (thickness 0.15)) (justify mirror))
    )
    (fp_arc (start 0 0.4) (end 1 0.4) (angle 180) (layer B.SilkS) (width 0.15))
    (fp_line (start 0.3 -1.25) (end 0.3 -1.85) (layer B.SilkS) (width 0.15))
    (fp_line (start 0.3 -1.85) (end -0.3 -1.55) (layer B.SilkS) (width 0.15))
    (fp_line (start -0.3 -1.55) (end 0.3 -1.25) (layer B.SilkS) (width 0.15))
    (fp_line (start 0.3 -1.55) (end 0.6 -1.55) (layer B.SilkS) (width 0.15))
    (fp_line (start -0.3 -1.25) (end -0.3 -1.85) (layer B.SilkS) (width 0.15))
    (fp_line (start -0.3 -1.55) (end -0.6 -1.55) (layer B.SilkS) (width 0.15))
    (fp_line (start -2.1 -0.6) (end 2.1 -0.6) (layer B.CrtYd) (width 0.05))
    (fp_line (start 2.1 -0.6) (end 2.1 1.6) (layer B.CrtYd) (width 0.05))
    (fp_line (start 2.1 1.6) (end -2.1 1.6) (layer B.CrtYd) (width 0.05))
    (fp_line (start -2.1 1.6) (end -2.1 -0.6) (layer B.CrtYd) (width 0.05))
    (fp_line (start -1.8 -1.05) (end -1.2 -1.05) (layer B.SilkS) (width 0.15))
    (fp_line (start 1.5 -0.75) (end 1.5 -1.35) (layer B.SilkS) (width 0.15))
    (fp_line (start 1.2 -1.05) (end 1.8 -1.05) (layer B.SilkS) (width 0.15))
    (pad 1 smd roundrect (at -1.5 -0.05 180) (size 1 0.9) (layers B.Cu B.Paste B.Mask) (roundrect_rratio 0.1)
      (net 1 GND))
    (pad 2 smd roundrect (at 1.5 -0.05 180) (size 1 0.9) (layers B.Cu B.Paste B.Mask) (roundrect_rratio 0.1)
      (net 3 "Net-(D4-Pad2)"))
    (pad "" smd roundrect (at 0 -0.2 180) (size 0.8 0.6) (layers B.Cu B.Paste B.Mask) (roundrect_rratio 0.1))
    (model ${KIPRJMOD}/1UP_SAO.pretty/STEP-WL-SMSW-1204-rev1.stp
      (at (xyz 0 0 0))
      (scale (xyz 1 1 1))
      (rotate (xyz 90 -180 0))
    )
  )

  (module Kirby_SAO:1204_SIDE_VIEW_LED (layer B.Cu) (tedit 5CE464C6) (tstamp 5CE5F48F)
    (at 115.75 123.75)
    (path /5CE02191)
    (fp_text reference D6 (at -3.1 0 -90) (layer B.SilkS)
      (effects (font (size 0.7 0.7) (thickness 0.15)) (justify mirror))
    )
    (fp_text value LED (at 0 4.2) (layer B.Fab)
      (effects (font (size 1 1) (thickness 0.15)) (justify mirror))
    )
    (fp_line (start 1.2 -1.05) (end 1.8 -1.05) (layer B.SilkS) (width 0.15))
    (fp_line (start 1.5 -0.75) (end 1.5 -1.35) (layer B.SilkS) (width 0.15))
    (fp_line (start -1.8 -1.05) (end -1.2 -1.05) (layer B.SilkS) (width 0.15))
    (fp_line (start -2.1 1.6) (end -2.1 -0.6) (layer B.CrtYd) (width 0.05))
    (fp_line (start 2.1 1.6) (end -2.1 1.6) (layer B.CrtYd) (width 0.05))
    (fp_line (start 2.1 -0.6) (end 2.1 1.6) (layer B.CrtYd) (width 0.05))
    (fp_line (start -2.1 -0.6) (end 2.1 -0.6) (layer B.CrtYd) (width 0.05))
    (fp_line (start -0.3 -1.55) (end -0.6 -1.55) (layer B.SilkS) (width 0.15))
    (fp_line (start -0.3 -1.25) (end -0.3 -1.85) (layer B.SilkS) (width 0.15))
    (fp_line (start 0.3 -1.55) (end 0.6 -1.55) (layer B.SilkS) (width 0.15))
    (fp_line (start -0.3 -1.55) (end 0.3 -1.25) (layer B.SilkS) (width 0.15))
    (fp_line (start 0.3 -1.85) (end -0.3 -1.55) (layer B.SilkS) (width 0.15))
    (fp_line (start 0.3 -1.25) (end 0.3 -1.85) (layer B.SilkS) (width 0.15))
    (fp_arc (start 0 0.4) (end 1 0.4) (angle 180) (layer B.SilkS) (width 0.15))
    (pad "" smd roundrect (at 0 -0.2) (size 0.8 0.6) (layers B.Cu B.Paste B.Mask) (roundrect_rratio 0.1))
    (pad 2 smd roundrect (at 1.5 -0.05) (size 1 0.9) (layers B.Cu B.Paste B.Mask) (roundrect_rratio 0.1)
      (net 3 "Net-(D4-Pad2)"))
    (pad 1 smd roundrect (at -1.5 -0.05) (size 1 0.9) (layers B.Cu B.Paste B.Mask) (roundrect_rratio 0.1)
      (net 1 GND))
    (model ${KIPRJMOD}/1UP_SAO.pretty/STEP-WL-SMSW-1204-rev1.stp
      (at (xyz 0 0 0))
      (scale (xyz 1 1 1))
      (rotate (xyz 90 -180 0))
    )
  )

  (module Resistor_SMD:R_0805_2012Metric_Pad1.15x1.40mm_HandSolder (layer B.Cu) (tedit 5B36C52B) (tstamp 5CE5F4A0)
    (at 101 110 90)
    (descr "Resistor SMD 0805 (2012 Metric), square (rectangular) end terminal, IPC_7351 nominal with elongated pad for handsoldering. (Body size source: https://docs.google.com/spreadsheets/d/1BsfQQcO9C6DZCsRaXUlFlo91Tg2WpOkGARC1WS5S8t0/edit?usp=sharing), generated with kicad-footprint-generator")
    (tags "resistor handsolder")
    (path /5CDF516E)
    (attr smd)
    (fp_text reference R1 (at 0 1.65 90) (layer B.SilkS)
      (effects (font (size 1 1) (thickness 0.15)) (justify mirror))
    )
    (fp_text value 51R (at 0 -1.65 90) (layer B.Fab)
      (effects (font (size 1 1) (thickness 0.15)) (justify mirror))
    )
    (fp_line (start -1 -0.6) (end -1 0.6) (layer B.Fab) (width 0.1))
    (fp_line (start -1 0.6) (end 1 0.6) (layer B.Fab) (width 0.1))
    (fp_line (start 1 0.6) (end 1 -0.6) (layer B.Fab) (width 0.1))
    (fp_line (start 1 -0.6) (end -1 -0.6) (layer B.Fab) (width 0.1))
    (fp_line (start -0.261252 0.71) (end 0.261252 0.71) (layer B.SilkS) (width 0.12))
    (fp_line (start -0.261252 -0.71) (end 0.261252 -0.71) (layer B.SilkS) (width 0.12))
    (fp_line (start -1.85 -0.95) (end -1.85 0.95) (layer B.CrtYd) (width 0.05))
    (fp_line (start -1.85 0.95) (end 1.85 0.95) (layer B.CrtYd) (width 0.05))
    (fp_line (start 1.85 0.95) (end 1.85 -0.95) (layer B.CrtYd) (width 0.05))
    (fp_line (start 1.85 -0.95) (end -1.85 -0.95) (layer B.CrtYd) (width 0.05))
    (fp_text user %R (at 0 0 90) (layer B.Fab)
      (effects (font (size 0.5 0.5) (thickness 0.08)) (justify mirror))
    )
    (pad 1 smd roundrect (at -1.025 0 90) (size 1.15 1.4) (layers B.Cu B.Paste B.Mask) (roundrect_rratio 0.217391)
      (net 4 VCC))
    (pad 2 smd roundrect (at 1.025 0 90) (size 1.15 1.4) (layers B.Cu B.Paste B.Mask) (roundrect_rratio 0.217391)
      (net 2 "Net-(D1-Pad2)"))
    (model ${KISYS3DMOD}/Resistor_SMD.3dshapes/R_0805_2012Metric.wrl
      (at (xyz 0 0 0))
      (scale (xyz 1 1 1))
      (rotate (xyz 0 0 0))
    )
  )

  (module Resistor_SMD:R_0805_2012Metric_Pad1.15x1.40mm_HandSolder (layer B.Cu) (tedit 5B36C52B) (tstamp 5CE5F4B1)
    (at 109 110 90)
    (descr "Resistor SMD 0805 (2012 Metric), square (rectangular) end terminal, IPC_7351 nominal with elongated pad for handsoldering. (Body size source: https://docs.google.com/spreadsheets/d/1BsfQQcO9C6DZCsRaXUlFlo91Tg2WpOkGARC1WS5S8t0/edit?usp=sharing), generated with kicad-footprint-generator")
    (tags "resistor handsolder")
    (path /5CE02173)
    (attr smd)
    (fp_text reference R2 (at 0 1.65 90) (layer B.SilkS)
      (effects (font (size 1 1) (thickness 0.15)) (justify mirror))
    )
    (fp_text value 51R (at 0 -1.65 90) (layer B.Fab)
      (effects (font (size 1 1) (thickness 0.15)) (justify mirror))
    )
    (fp_text user %R (at 0 0 90) (layer B.Fab)
      (effects (font (size 0.5 0.5) (thickness 0.08)) (justify mirror))
    )
    (fp_line (start 1.85 -0.95) (end -1.85 -0.95) (layer B.CrtYd) (width 0.05))
    (fp_line (start 1.85 0.95) (end 1.85 -0.95) (layer B.CrtYd) (width 0.05))
    (fp_line (start -1.85 0.95) (end 1.85 0.95) (layer B.CrtYd) (width 0.05))
    (fp_line (start -1.85 -0.95) (end -1.85 0.95) (layer B.CrtYd) (width 0.05))
    (fp_line (start -0.261252 -0.71) (end 0.261252 -0.71) (layer B.SilkS) (width 0.12))
    (fp_line (start -0.261252 0.71) (end 0.261252 0.71) (layer B.SilkS) (width 0.12))
    (fp_line (start 1 -0.6) (end -1 -0.6) (layer B.Fab) (width 0.1))
    (fp_line (start 1 0.6) (end 1 -0.6) (layer B.Fab) (width 0.1))
    (fp_line (start -1 0.6) (end 1 0.6) (layer B.Fab) (width 0.1))
    (fp_line (start -1 -0.6) (end -1 0.6) (layer B.Fab) (width 0.1))
    (pad 2 smd roundrect (at 1.025 0 90) (size 1.15 1.4) (layers B.Cu B.Paste B.Mask) (roundrect_rratio 0.217391)
      (net 3 "Net-(D4-Pad2)"))
    (pad 1 smd roundrect (at -1.025 0 90) (size 1.15 1.4) (layers B.Cu B.Paste B.Mask) (roundrect_rratio 0.217391)
      (net 4 VCC))
    (model ${KISYS3DMOD}/Resistor_SMD.3dshapes/R_0805_2012Metric.wrl
      (at (xyz 0 0 0))
      (scale (xyz 1 1 1))
      (rotate (xyz 0 0 0))
    )
  )

  (module Kirby_SAO:Badgelife-SAOv169-SAO-2x3 (layer F.Cu) (tedit 5CE02EFF) (tstamp 5CE6F129)
    (at 101.75 119.25)
    (descr "Through hole straight IDC box header, 2x03, 2.54mm pitch, double rows")
    (tags "Through hole IDC box header THT 2x03 2.54mm double row")
    (path /5CE60527)
    (fp_text reference X1 (at 0 -5.842) (layer B.SilkS)
      (effects (font (size 1 1) (thickness 0.15)) (justify mirror))
    )
    (fp_text value Badgelife_sao_connector_v169bis (at 0 -7.7) (layer F.Fab)
      (effects (font (size 1 1) (thickness 0.15)))
    )
    (fp_text user %R (at 0.06 0.02 270) (layer F.Fab)
      (effects (font (size 1 1) (thickness 0.15)))
    )
    (fp_line (start -2.54 -4.064) (end -7.366 -4.064) (layer B.SilkS) (width 0.7))
    (fp_line (start 7.27964 -4.1148) (end 2.54 -4.1148) (layer B.SilkS) (width 0.7))
    (fp_line (start -7.366 -4.064) (end -7.366 4.318) (layer B.SilkS) (width 0.7))
    (fp_line (start -7.366 4.318) (end 7.366 4.318) (layer B.SilkS) (width 0.7))
    (fp_line (start 7.366 4.318) (end 7.366 -4.064) (layer B.SilkS) (width 0.7))
    (fp_text user VCC (at -2.54 -2.794 unlocked) (layer B.SilkS)
      (effects (font (size 0.75 0.75) (thickness 0.15)) (justify mirror))
    )
    (fp_text user SDA (at 0 -2.794 unlocked) (layer B.SilkS)
      (effects (font (size 0.75 0.75) (thickness 0.15)) (justify mirror))
    )
    (fp_text user GPIO1 (at 3.937 -2.794 unlocked) (layer B.SilkS)
      (effects (font (size 0.75 0.75) (thickness 0.15)) (justify mirror))
    )
    (fp_text user GND (at -2.54 3.048 unlocked) (layer B.SilkS)
      (effects (font (size 0.75 0.75) (thickness 0.15)) (justify mirror))
    )
    (fp_text user SCL (at 0 3.048) (layer B.SilkS)
      (effects (font (size 0.75 0.75) (thickness 0.15)) (justify mirror))
    )
    (fp_text user GPIO2 (at 3.937 3.048) (layer B.SilkS)
      (effects (font (size 0.75 0.75) (thickness 0.15)) (justify mirror))
    )
    (fp_circle (center -4.953 -6.45) (end -3.953 -6.45) (layer B.SilkS) (width 0.5))
    (pad 5 thru_hole circle (at 2.6 -1.25 270) (size 1.7272 1.7272) (drill 1.016) (layers *.Cu *.Mask)
      (net 5 "Net-(X1-Pad5)"))
    (pad 6 thru_hole circle (at 2.6 1.29 270) (size 1.7272 1.7272) (drill 1.016) (layers *.Cu *.Mask)
      (net 6 "Net-(X1-Pad6)"))
    (pad 3 thru_hole oval (at 0.06 -1.25 270) (size 1.7272 1.7272) (drill 1.016) (layers *.Cu *.Mask)
      (net 7 "Net-(X1-Pad3)"))
    (pad 4 thru_hole oval (at 0.06 1.29 270) (size 1.7272 1.7272) (drill 1.016) (layers *.Cu *.Mask)
      (net 8 "Net-(X1-Pad4)"))
    (pad 1 thru_hole oval (at -2.48 -1.25 270) (size 1.7272 1.7272) (drill 1.016) (layers *.Cu *.Mask)
      (net 4 VCC))
    (pad 2 thru_hole rect (at -2.48 1.29 270) (size 1.7272 1.7272) (drill 1.016) (layers *.Cu *.Mask)
      (net 1 GND))
    (model ${KISYS3DMOD}/Connector_IDC.3dshapes/IDC-Header_2x03_P2.54mm_Vertical.wrl
      (offset (xyz -2.5 1.2 -1.6))
      (scale (xyz 1 1 1))
      (rotate (xyz 180 0 90))
    )
  )

  (gr_line (start 71.55 131.45) (end 71.55 129.95) (layer Edge.Cuts) (width 0.1) (tstamp 5CE5F543))
  (gr_line (start 71.55 129.95) (end 70.05 129.95) (layer Edge.Cuts) (width 0.1) (tstamp 5CE5F540))
  (gr_line (start 70.05 129.95) (end 68.55 129.95) (layer Edge.Cuts) (width 0.1) (tstamp 5CE5F53D))
  (gr_line (start 68.55 129.95) (end 68.55 126.95) (layer Edge.Cuts) (width 0.1) (tstamp 5CE5F53A))
  (gr_line (start 68.55 126.95) (end 68.55 123.950001) (layer Edge.Cuts) (width 0.1) (tstamp 5CE5F537))
  (gr_line (start 68.55 123.950001) (end 70.05 123.950001) (layer Edge.Cuts) (width 0.1) (tstamp 5CE5F534))
  (gr_line (start 70.05 123.950001) (end 71.55 123.950001) (layer Edge.Cuts) (width 0.1) (tstamp 5CE5F531))
  (gr_line (start 71.55 123.950001) (end 71.55 122.450001) (layer Edge.Cuts) (width 0.1) (tstamp 5CE5F52E))
  (gr_line (start 71.55 122.450001) (end 71.55 120.950001) (layer Edge.Cuts) (width 0.1) (tstamp 5CE5F52B))
  (gr_line (start 71.55 120.950001) (end 73.05 120.950001) (layer Edge.Cuts) (width 0.1) (tstamp 5CE5F528))
  (gr_line (start 73.05 120.950001) (end 74.550001 120.950001) (layer Edge.Cuts) (width 0.1) (tstamp 5CE5F525))
  (gr_line (start 74.550001 120.950001) (end 74.550001 117.949998) (layer Edge.Cuts) (width 0.1) (tstamp 5CE5F522))
  (gr_line (start 74.550001 117.949998) (end 74.550001 114.949999) (layer Edge.Cuts) (width 0.1) (tstamp 5CE5F51F))
  (gr_line (start 74.550001 114.949999) (end 73.05 114.949999) (layer Edge.Cuts) (width 0.1) (tstamp 5CE5F51C))
  (gr_line (start 73.05 114.949999) (end 71.55 114.949999) (layer Edge.Cuts) (width 0.1) (tstamp 5CE5F519))
  (gr_line (start 71.55 114.949999) (end 71.55 111.949999) (layer Edge.Cuts) (width 0.1) (tstamp 5CE5F516))
  (gr_line (start 71.55 111.949999) (end 71.55 108.949999) (layer Edge.Cuts) (width 0.1) (tstamp 5CE5F5D3))
  (gr_line (start 71.55 108.949999) (end 70.05 108.949999) (layer Edge.Cuts) (width 0.1) (tstamp 5CE5F5D0))
  (gr_line (start 70.05 108.949999) (end 68.55 108.949999) (layer Edge.Cuts) (width 0.1) (tstamp 5CE5F5CD))
  (gr_line (start 68.55 108.949999) (end 68.55 107.45) (layer Edge.Cuts) (width 0.1) (tstamp 5CE5F5CA))
  (gr_line (start 68.55 107.45) (end 68.55 105.95) (layer Edge.Cuts) (width 0.1) (tstamp 5CE5F5C7))
  (gr_line (start 68.55 105.95) (end 67.05 105.95) (layer Edge.Cuts) (width 0.1) (tstamp 5CE5F5C4))
  (gr_line (start 67.05 105.95) (end 65.55 105.95) (layer Edge.Cuts) (width 0.1) (tstamp 5CE5F5C1))
  (gr_line (start 65.55 105.95) (end 65.55 98.450001) (layer Edge.Cuts) (width 0.1) (tstamp 5CE5F5BE))
  (gr_line (start 65.55 98.450001) (end 65.55 90.949999) (layer Edge.Cuts) (width 0.1) (tstamp 5CE5F5BB))
  (gr_line (start 65.55 90.949999) (end 67.05 90.949999) (layer Edge.Cuts) (width 0.1) (tstamp 5CE5F5B8))
  (gr_line (start 67.05 90.949999) (end 68.55 90.949999) (layer Edge.Cuts) (width 0.1) (tstamp 5CE5F5B5))
  (gr_line (start 68.55 90.949999) (end 68.55 87.949999) (layer Edge.Cuts) (width 0.1) (tstamp 5CE5F5B2))
  (gr_line (start 68.55 87.949999) (end 68.55 84.95) (layer Edge.Cuts) (width 0.1) (tstamp 5CE5F5AF))
  (gr_line (start 68.55 84.95) (end 70.05 84.95) (layer Edge.Cuts) (width 0.1) (tstamp 5CE5F5AC))
  (gr_line (start 70.05 84.95) (end 71.55 84.95) (layer Edge.Cuts) (width 0.1) (tstamp 5CE5F5A9))
  (gr_line (start 71.55 84.95) (end 71.55 81.949999) (layer Edge.Cuts) (width 0.1) (tstamp 5CE5F5A6))
  (gr_line (start 71.55 81.949999) (end 71.55 78.949999) (layer Edge.Cuts) (width 0.1) (tstamp 5CE5F4B3))
  (gr_line (start 71.55 78.949999) (end 73.05 78.949999) (layer Edge.Cuts) (width 0.1) (tstamp 5CE5F4B0))
  (gr_line (start 73.05 78.949999) (end 74.550001 78.949999) (layer Edge.Cuts) (width 0.1) (tstamp 5CE5F4AD))
  (gr_line (start 74.550001 78.949999) (end 74.550001 77.449999) (layer Edge.Cuts) (width 0.1) (tstamp 5CE5F4AA))
  (gr_line (start 74.550001 77.449999) (end 74.550001 75.949999) (layer Edge.Cuts) (width 0.1) (tstamp 5CE5F4A7))
  (gr_line (start 74.550001 75.949999) (end 76.05 75.949999) (layer Edge.Cuts) (width 0.1) (tstamp 5CE5F4A4))
  (gr_line (start 76.05 75.949999) (end 77.55 75.949999) (layer Edge.Cuts) (width 0.1) (tstamp 5CE5F4A1))
  (gr_line (start 77.55 75.949999) (end 77.55 74.449999) (layer Edge.Cuts) (width 0.1) (tstamp 5CE5F49E))
  (gr_line (start 77.55 74.449999) (end 77.55 72.949999) (layer Edge.Cuts) (width 0.1) (tstamp 5CE5F49B))
  (gr_line (start 77.55 72.949999) (end 80.55 72.949999) (layer Edge.Cuts) (width 0.1) (tstamp 5CE5F498))
  (gr_line (start 80.55 72.949999) (end 83.550001 72.949999) (layer Edge.Cuts) (width 0.1) (tstamp 5CE5F495))
  (gr_line (start 83.550001 72.949999) (end 83.550001 71.449999) (layer Edge.Cuts) (width 0.1) (tstamp 5CE5F492))
  (gr_line (start 83.550001 71.449999) (end 83.550001 69.949999) (layer Edge.Cuts) (width 0.1) (tstamp 5CE5F48F))
