(kicad_pcb (version 20171130) (host pcbnew 5.1.2-f72e74a~84~ubuntu16.04.1)

  (general
    (thickness 1.6)
    (drawings 0)
    (tracks 0)
    (zones 0)
    (modules 9)
    (nets 9)
  )

  (page A4)
  (layers
    (0 F.Cu signal)
    (31 B.Cu signal)
    (32 B.Adhes user)
    (33 F.Adhes user)
    (34 B.Paste user)
    (35 F.Paste user)
    (36 B.SilkS user)
    (37 F.SilkS user)
    (38 B.Mask user)
    (39 F.Mask user)
    (40 Dwgs.User user)
    (41 Cmts.User user)
    (42 Eco1.User user)
    (43 Eco2.User user)
    (44 Edge.Cuts user)
    (45 Margin user)
    (46 B.CrtYd user)
    (47 F.CrtYd user)
    (48 B.Fab user)
    (49 F.Fab user)
  )

  (setup
    (last_trace_width 0.25)
    (trace_clearance 0.2)
    (zone_clearance 0.508)
    (zone_45_only no)
    (trace_min 0.2)
    (via_size 0.8)
    (via_drill 0.4)
    (via_min_size 0.4)
    (via_min_drill 0.3)
    (uvia_size 0.3)
    (uvia_drill 0.1)
    (uvias_allowed no)
    (uvia_min_size 0.2)
    (uvia_min_drill 0.1)
    (edge_width 0.05)
    (segment_width 0.2)
    (pcb_text_width 0.3)
    (pcb_text_size 1.5 1.5)
    (mod_edge_width 0.12)
    (mod_text_size 1 1)
    (mod_text_width 0.15)
    (pad_size 1.524 1.524)
    (pad_drill 0.762)
    (pad_to_mask_clearance 0.051)
    (solder_mask_min_width 0.25)
    (aux_axis_origin 0 0)
    (visible_elements FFFFFF7F)
    (pcbplotparams
      (layerselection 0x010fc_ffffffff)
      (usegerberextensions false)
      (usegerberattributes false)
      (usegerberadvancedattributes false)
      (creategerberjobfile false)
      (excludeedgelayer true)
      (linewidth 0.100000)
      (plotframeref false)
      (viasonmask false)
      (mode 1)
      (useauxorigin false)
      (hpglpennumber 1)
      (hpglpenspeed 20)
      (hpglpendiameter 15.000000)
      (psnegative false)
      (psa4output false)
      (plotreference true)
      (plotvalue true)
      (plotinvisibletext false)
      (padsonsilk false)
      (subtractmaskfromsilk false)
      (outputformat 1)
      (mirror false)
      (drillshape 1)
      (scaleselection 1)
      (outputdirectory ""))
  )

  (net 0 "")
  (net 1 GND)
  (net 2 "Net-(D1-Pad2)")
  (net 3 "Net-(D4-Pad2)")
  (net 4 VCC)
  (net 5 "Net-(X1-Pad5)")
  (net 6 "Net-(X1-Pad6)")
  (net 7 "Net-(X1-Pad3)")
  (net 8 "Net-(X1-Pad4)")

  (net_class Default "This is the default net class."
    (clearance 0.2)
    (trace_width 0.25)
    (via_dia 0.8)
    (via_drill 0.4)
    (uvia_dia 0.3)
    (uvia_drill 0.1)
    (add_net GND)
    (add_net "Net-(D1-Pad2)")
    (add_net "Net-(D4-Pad2)")
    (add_net "Net-(X1-Pad3)")
    (add_net "Net-(X1-Pad4)")
    (add_net "Net-(X1-Pad5)")
    (add_net "Net-(X1-Pad6)")
    (add_net VCC)
  )

  (module Kirby_SAO:1204_SIDE_VIEW_LED (layer F.Cu) (tedit 5CE464C6) (tstamp 5CE5F426)
    (at 108.805001 49.125001)
    (path /5CDF5510)
    (fp_text reference D1 (at -3.1 0 90) (layer F.SilkS)
      (effects (font (size 0.7 0.7) (thickness 0.15)))
    )
    (fp_text value LED (at 0 -4.2) (layer F.Fab)
      (effects (font (size 1 1) (thickness 0.15)))
    )
    (fp_arc (start 0 -0.4) (end 1 -0.4) (angle -180) (layer F.SilkS) (width 0.15))
    (fp_line (start 0.3 1.25) (end 0.3 1.85) (layer F.SilkS) (width 0.15))
    (fp_line (start 0.3 1.85) (end -0.3 1.55) (layer F.SilkS) (width 0.15))
    (fp_line (start -0.3 1.55) (end 0.3 1.25) (layer F.SilkS) (width 0.15))
    (fp_line (start 0.3 1.55) (end 0.6 1.55) (layer F.SilkS) (width 0.15))
    (fp_line (start -0.3 1.25) (end -0.3 1.85) (layer F.SilkS) (width 0.15))
    (fp_line (start -0.3 1.55) (end -0.6 1.55) (layer F.SilkS) (width 0.15))
    (fp_line (start -2.1 0.6) (end 2.1 0.6) (layer F.CrtYd) (width 0.05))
    (fp_line (start 2.1 0.6) (end 2.1 -1.6) (layer F.CrtYd) (width 0.05))
    (fp_line (start 2.1 -1.6) (end -2.1 -1.6) (layer F.CrtYd) (width 0.05))
    (fp_line (start -2.1 -1.6) (end -2.1 0.6) (layer F.CrtYd) (width 0.05))
    (fp_line (start -1.8 1.05) (end -1.2 1.05) (layer F.SilkS) (width 0.15))
    (fp_line (start 1.5 0.75) (end 1.5 1.35) (layer F.SilkS) (width 0.15))
    (fp_line (start 1.2 1.05) (end 1.8 1.05) (layer F.SilkS) (width 0.15))
    (pad 1 smd roundrect (at -1.5 0.05) (size 1 0.9) (layers F.Cu F.Paste F.Mask) (roundrect_rratio 0.1)
      (net 1 GND))
    (pad 2 smd roundrect (at 1.5 0.05) (size 1 0.9) (layers F.Cu F.Paste F.Mask) (roundrect_rratio 0.1)
      (net 2 "Net-(D1-Pad2)"))
    (pad "" smd roundrect (at 0 0.2) (size 0.8 0.6) (layers F.Cu F.Paste F.Mask) (roundrect_rratio 0.1))
    (model ${KIPRJMOD}/1UP_SAO.pretty/STEP-WL-SMSW-1204-rev1.stp
      (at (xyz 0 0 0))
      (scale (xyz 1 1 1))
      (rotate (xyz 90 -180 0))
    )
  )

  (module Kirby_SAO:1204_SIDE_VIEW_LED (layer F.Cu) (tedit 5CE464C6) (tstamp 5CE5F43B)
    (at 108.805001 53.675001)
    (path /5CDF7644)
    (fp_text reference D2 (at -3.1 0 90) (layer F.SilkS)
      (effects (font (size 0.7 0.7) (thickness 0.15)))
    )
    (fp_text value LED (at 0 -4.2) (layer F.Fab)
      (effects (font (size 1 1) (thickness 0.15)))
    )
    (fp_line (start 1.2 1.05) (end 1.8 1.05) (layer F.SilkS) (width 0.15))
    (fp_line (start 1.5 0.75) (end 1.5 1.35) (layer F.SilkS) (width 0.15))
    (fp_line (start -1.8 1.05) (end -1.2 1.05) (layer F.SilkS) (width 0.15))
    (fp_line (start -2.1 -1.6) (end -2.1 0.6) (layer F.CrtYd) (width 0.05))
    (fp_line (start 2.1 -1.6) (end -2.1 -1.6) (layer F.CrtYd) (width 0.05))
    (fp_line (start 2.1 0.6) (end 2.1 -1.6) (layer F.CrtYd) (width 0.05))
    (fp_line (start -2.1 0.6) (end 2.1 0.6) (layer F.CrtYd) (width 0.05))
    (fp_line (start -0.3 1.55) (end -0.6 1.55) (layer F.SilkS) (width 0.15))
    (fp_line (start -0.3 1.25) (end -0.3 1.85) (layer F.SilkS) (width 0.15))
    (fp_line (start 0.3 1.55) (end 0.6 1.55) (layer F.SilkS) (width 0.15))
    (fp_line (start -0.3 1.55) (end 0.3 1.25) (layer F.SilkS) (width 0.15))
    (fp_line (start 0.3 1.85) (end -0.3 1.55) (layer F.SilkS) (width 0.15))
    (fp_line (start 0.3 1.25) (end 0.3 1.85) (layer F.SilkS) (width 0.15))
    (fp_arc (start 0 -0.4) (end 1 -0.4) (angle -180) (layer F.SilkS) (width 0.15))
    (pad "" smd roundrect (at 0 0.2) (size 0.8 0.6) (layers F.Cu F.Paste F.Mask) (roundrect_rratio 0.1))
    (pad 2 smd roundrect (at 1.5 0.05) (size 1 0.9) (layers F.Cu F.Paste F.Mask) (roundrect_rratio 0.1)
      (net 2 "Net-(D1-Pad2)"))
    (pad 1 smd roundrect (at -1.5 0.05) (size 1 0.9) (layers F.Cu F.Paste F.Mask) (roundrect_rratio 0.1)
      (net 1 GND))
    (model ${KIPRJMOD}/1UP_SAO.pretty/STEP-WL-SMSW-1204-rev1.stp
      (at (xyz 0 0 0))
      (scale (xyz 1 1 1))
      (rotate (xyz 90 -180 0))
    )
  )

  (module Kirby_SAO:1204_SIDE_VIEW_LED (layer F.Cu) (tedit 5CE464C6) (tstamp 5CE5F450)
    (at 114.055001 49.125001)
    (path /5CDFCAD5)
    (fp_text reference D3 (at -3.1 0 90) (layer F.SilkS)
      (effects (font (size 0.7 0.7) (thickness 0.15)))
    )
    (fp_text value LED (at 0 -4.2) (layer F.Fab)
      (effects (font (size 1 1) (thickness 0.15)))
    )
    (fp_arc (start 0 -0.4) (end 1 -0.4) (angle -180) (layer F.SilkS) (width 0.15))
    (fp_line (start 0.3 1.25) (end 0.3 1.85) (layer F.SilkS) (width 0.15))
    (fp_line (start 0.3 1.85) (end -0.3 1.55) (layer F.SilkS) (width 0.15))
    (fp_line (start -0.3 1.55) (end 0.3 1.25) (layer F.SilkS) (width 0.15))
    (fp_line (start 0.3 1.55) (end 0.6 1.55) (layer F.SilkS) (width 0.15))
    (fp_line (start -0.3 1.25) (end -0.3 1.85) (layer F.SilkS) (width 0.15))
    (fp_line (start -0.3 1.55) (end -0.6 1.55) (layer F.SilkS) (width 0.15))
    (fp_line (start -2.1 0.6) (end 2.1 0.6) (layer F.CrtYd) (width 0.05))
    (fp_line (start 2.1 0.6) (end 2.1 -1.6) (layer F.CrtYd) (width 0.05))
    (fp_line (start 2.1 -1.6) (end -2.1 -1.6) (layer F.CrtYd) (width 0.05))
    (fp_line (start -2.1 -1.6) (end -2.1 0.6) (layer F.CrtYd) (width 0.05))
    (fp_line (start -1.8 1.05) (end -1.2 1.05) (layer F.SilkS) (width 0.15))
    (fp_line (start 1.5 0.75) (end 1.5 1.35) (layer F.SilkS) (width 0.15))
    (fp_line (start 1.2 1.05) (end 1.8 1.05) (layer F.SilkS) (width 0.15))
    (pad 1 smd roundrect (at -1.5 0.05) (size 1 0.9) (layers F.Cu F.Paste F.Mask) (roundrect_rratio 0.1)
      (net 1 GND))
    (pad 2 smd roundrect (at 1.5 0.05) (size 1 0.9) (layers F.Cu F.Paste F.Mask) (roundrect_rratio 0.1)
      (net 2 "Net-(D1-Pad2)"))
    (pad "" smd roundrect (at 0 0.2) (size 0.8 0.6) (layers F.Cu F.Paste F.Mask) (roundrect_rratio 0.1))
    (model ${KIPRJMOD}/1UP_SAO.pretty/STEP-WL-SMSW-1204-rev1.stp
      (at (xyz 0 0 0))
      (scale (xyz 1 1 1))
      (rotate (xyz 90 -180 0))
    )
  )

  (module Kirby_SAO:1204_SIDE_VIEW_LED (layer F.Cu) (tedit 5CE464C6) (tstamp 5CE5F465)
    (at 108.805001 58.225001)
    (path /5CE0217D)
    (fp_text reference D4 (at -3.1 0 90) (layer F.SilkS)
      (effects (font (size 0.7 0.7) (thickness 0.15)))
    )
    (fp_text value LED (at 0 -4.2) (layer F.Fab)
      (effects (font (size 1 1) (thickness 0.15)))
    )
    (fp_line (start 1.2 1.05) (end 1.8 1.05) (layer F.SilkS) (width 0.15))
    (fp_line (start 1.5 0.75) (end 1.5 1.35) (layer F.SilkS) (width 0.15))
    (fp_line (start -1.8 1.05) (end -1.2 1.05) (layer F.SilkS) (width 0.15))
    (fp_line (start -2.1 -1.6) (end -2.1 0.6) (layer F.CrtYd) (width 0.05))
    (fp_line (start 2.1 -1.6) (end -2.1 -1.6) (layer F.CrtYd) (width 0.05))
    (fp_line (start 2.1 0.6) (end 2.1 -1.6) (layer F.CrtYd) (width 0.05))
    (fp_line (start -2.1 0.6) (end 2.1 0.6) (layer F.CrtYd) (width 0.05))
    (fp_line (start -0.3 1.55) (end -0.6 1.55) (layer F.SilkS) (width 0.15))
    (fp_line (start -0.3 1.25) (end -0.3 1.85) (layer F.SilkS) (width 0.15))
    (fp_line (start 0.3 1.55) (end 0.6 1.55) (layer F.SilkS) (width 0.15))
    (fp_line (start -0.3 1.55) (end 0.3 1.25) (layer F.SilkS) (width 0.15))
    (fp_line (start 0.3 1.85) (end -0.3 1.55) (layer F.SilkS) (width 0.15))
    (fp_line (start 0.3 1.25) (end 0.3 1.85) (layer F.SilkS) (width 0.15))
    (fp_arc (start 0 -0.4) (end 1 -0.4) (angle -180) (layer F.SilkS) (width 0.15))
    (pad "" smd roundrect (at 0 0.2) (size 0.8 0.6) (layers F.Cu F.Paste F.Mask) (roundrect_rratio 0.1))
    (pad 2 smd roundrect (at 1.5 0.05) (size 1 0.9) (layers F.Cu F.Paste F.Mask) (roundrect_rratio 0.1)
      (net 3 "Net-(D4-Pad2)"))
    (pad 1 smd roundrect (at -1.5 0.05) (size 1 0.9) (layers F.Cu F.Paste F.Mask) (roundrect_rratio 0.1)
      (net 1 GND))
    (model ${KIPRJMOD}/1UP_SAO.pretty/STEP-WL-SMSW-1204-rev1.stp
      (at (xyz 0 0 0))
      (scale (xyz 1 1 1))
      (rotate (xyz 90 -180 0))
    )
  )

  (module Kirby_SAO:1204_SIDE_VIEW_LED (layer F.Cu) (tedit 5CE464C6) (tstamp 5CE5F47A)
    (at 114.055001 53.675001)
    (path /5CE02187)
    (fp_text reference D5 (at -3.1 0 90) (layer F.SilkS)
      (effects (font (size 0.7 0.7) (thickness 0.15)))
    )
    (fp_text value LED (at 0 -4.2) (layer F.Fab)
      (effects (font (size 1 1) (thickness 0.15)))
    )
    (fp_arc (start 0 -0.4) (end 1 -0.4) (angle -180) (layer F.SilkS) (width 0.15))
    (fp_line (start 0.3 1.25) (end 0.3 1.85) (layer F.SilkS) (width 0.15))
    (fp_line (start 0.3 1.85) (end -0.3 1.55) (layer F.SilkS) (width 0.15))
    (fp_line (start -0.3 1.55) (end 0.3 1.25) (layer F.SilkS) (width 0.15))
    (fp_line (start 0.3 1.55) (end 0.6 1.55) (layer F.SilkS) (width 0.15))
    (fp_line (start -0.3 1.25) (end -0.3 1.85) (layer F.SilkS) (width 0.15))
    (fp_line (start -0.3 1.55) (end -0.6 1.55) (layer F.SilkS) (width 0.15))
    (fp_line (start -2.1 0.6) (end 2.1 0.6) (layer F.CrtYd) (width 0.05))
    (fp_line (start 2.1 0.6) (end 2.1 -1.6) (layer F.CrtYd) (width 0.05))
    (fp_line (start 2.1 -1.6) (end -2.1 -1.6) (layer F.CrtYd) (width 0.05))
    (fp_line (start -2.1 -1.6) (end -2.1 0.6) (layer F.CrtYd) (width 0.05))
    (fp_line (start -1.8 1.05) (end -1.2 1.05) (layer F.SilkS) (width 0.15))
    (fp_line (start 1.5 0.75) (end 1.5 1.35) (layer F.SilkS) (width 0.15))
    (fp_line (start 1.2 1.05) (end 1.8 1.05) (layer F.SilkS) (width 0.15))
    (pad 1 smd roundrect (at -1.5 0.05) (size 1 0.9) (layers F.Cu F.Paste F.Mask) (roundrect_rratio 0.1)
      (net 1 GND))
    (pad 2 smd roundrect (at 1.5 0.05) (size 1 0.9) (layers F.Cu F.Paste F.Mask) (roundrect_rratio 0.1)
      (net 3 "Net-(D4-Pad2)"))
    (pad "" smd roundrect (at 0 0.2) (size 0.8 0.6) (layers F.Cu F.Paste F.Mask) (roundrect_rratio 0.1))
    (model ${KIPRJMOD}/1UP_SAO.pretty/STEP-WL-SMSW-1204-rev1.stp
      (at (xyz 0 0 0))
      (scale (xyz 1 1 1))
      (rotate (xyz 90 -180 0))
    )
  )

  (module Kirby_SAO:1204_SIDE_VIEW_LED (layer F.Cu) (tedit 5CE464C6) (tstamp 5CE5F48F)
    (at 114.055001 58.225001)
    (path /5CE02191)
    (fp_text reference D6 (at -3.1 0 90) (layer F.SilkS)
      (effects (font (size 0.7 0.7) (thickness 0.15)))
    )
    (fp_text value LED (at 0 -4.2) (layer F.Fab)
      (effects (font (size 1 1) (thickness 0.15)))
    )
    (fp_line (start 1.2 1.05) (end 1.8 1.05) (layer F.SilkS) (width 0.15))
    (fp_line (start 1.5 0.75) (end 1.5 1.35) (layer F.SilkS) (width 0.15))
    (fp_line (start -1.8 1.05) (end -1.2 1.05) (layer F.SilkS) (width 0.15))
    (fp_line (start -2.1 -1.6) (end -2.1 0.6) (layer F.CrtYd) (width 0.05))
    (fp_line (start 2.1 -1.6) (end -2.1 -1.6) (layer F.CrtYd) (width 0.05))
    (fp_line (start 2.1 0.6) (end 2.1 -1.6) (layer F.CrtYd) (width 0.05))
    (fp_line (start -2.1 0.6) (end 2.1 0.6) (layer F.CrtYd) (width 0.05))
    (fp_line (start -0.3 1.55) (end -0.6 1.55) (layer F.SilkS) (width 0.15))
    (fp_line (start -0.3 1.25) (end -0.3 1.85) (layer F.SilkS) (width 0.15))
    (fp_line (start 0.3 1.55) (end 0.6 1.55) (layer F.SilkS) (width 0.15))
    (fp_line (start -0.3 1.55) (end 0.3 1.25) (layer F.SilkS) (width 0.15))
    (fp_line (start 0.3 1.85) (end -0.3 1.55) (layer F.SilkS) (width 0.15))
    (fp_line (start 0.3 1.25) (end 0.3 1.85) (layer F.SilkS) (width 0.15))
    (fp_arc (start 0 -0.4) (end 1 -0.4) (angle -180) (layer F.SilkS) (width 0.15))
    (pad "" smd roundrect (at 0 0.2) (size 0.8 0.6) (layers F.Cu F.Paste F.Mask) (roundrect_rratio 0.1))
    (pad 2 smd roundrect (at 1.5 0.05) (size 1 0.9) (layers F.Cu F.Paste F.Mask) (roundrect_rratio 0.1)
      (net 3 "Net-(D4-Pad2)"))
    (pad 1 smd roundrect (at -1.5 0.05) (size 1 0.9) (layers F.Cu F.Paste F.Mask) (roundrect_rratio 0.1)
      (net 1 GND))
    (model ${KIPRJMOD}/1UP_SAO.pretty/STEP-WL-SMSW-1204-rev1.stp
      (at (xyz 0 0 0))
      (scale (xyz 1 1 1))
      (rotate (xyz 90 -180 0))
    )
  )

  (module Resistor_SMD:R_0805_2012Metric_Pad1.15x1.40mm_HandSolder (layer F.Cu) (tedit 5B36C52B) (tstamp 5CE5F4A0)
    (at 92.125001 61.835001)
    (descr "Resistor SMD 0805 (2012 Metric), square (rectangular) end terminal, IPC_7351 nominal with elongated pad for handsoldering. (Body size source: https://docs.google.com/spreadsheets/d/1BsfQQcO9C6DZCsRaXUlFlo91Tg2WpOkGARC1WS5S8t0/edit?usp=sharing), generated with kicad-footprint-generator")
    (tags "resistor handsolder")
    (path /5CDF516E)
    (attr smd)
    (fp_text reference R1 (at 0 -1.65) (layer F.SilkS)
      (effects (font (size 1 1) (thickness 0.15)))
    )
    (fp_text value 51R (at 0 1.65) (layer F.Fab)
      (effects (font (size 1 1) (thickness 0.15)))
    )
    (fp_line (start -1 0.6) (end -1 -0.6) (layer F.Fab) (width 0.1))
    (fp_line (start -1 -0.6) (end 1 -0.6) (layer F.Fab) (width 0.1))
    (fp_line (start 1 -0.6) (end 1 0.6) (layer F.Fab) (width 0.1))
    (fp_line (start 1 0.6) (end -1 0.6) (layer F.Fab) (width 0.1))
    (fp_line (start -0.261252 -0.71) (end 0.261252 -0.71) (layer F.SilkS) (width 0.12))
    (fp_line (start -0.261252 0.71) (end 0.261252 0.71) (layer F.SilkS) (width 0.12))
    (fp_line (start -1.85 0.95) (end -1.85 -0.95) (layer F.CrtYd) (width 0.05))
    (fp_line (start -1.85 -0.95) (end 1.85 -0.95) (layer F.CrtYd) (width 0.05))
    (fp_line (start 1.85 -0.95) (end 1.85 0.95) (layer F.CrtYd) (width 0.05))
    (fp_line (start 1.85 0.95) (end -1.85 0.95) (layer F.CrtYd) (width 0.05))
    (fp_text user %R (at 0 0) (layer F.Fab)
      (effects (font (size 0.5 0.5) (thickness 0.08)))
    )
    (pad 1 smd roundrect (at -1.025 0) (size 1.15 1.4) (layers F.Cu F.Paste F.Mask) (roundrect_rratio 0.217391)
      (net 4 VCC))
    (pad 2 smd roundrect (at 1.025 0) (size 1.15 1.4) (layers F.Cu F.Paste F.Mask) (roundrect_rratio 0.217391)
      (net 2 "Net-(D1-Pad2)"))
    (model ${KISYS3DMOD}/Resistor_SMD.3dshapes/R_0805_2012Metric.wrl
      (at (xyz 0 0 0))
      (scale (xyz 1 1 1))
      (rotate (xyz 0 0 0))
    )
  )

  (module Resistor_SMD:R_0805_2012Metric_Pad1.15x1.40mm_HandSolder (layer F.Cu) (tedit 5B36C52B) (tstamp 5CE5F4B1)
    (at 96.875001 61.835001)
    (descr "Resistor SMD 0805 (2012 Metric), square (rectangular) end terminal, IPC_7351 nominal with elongated pad for handsoldering. (Body size source: https://docs.google.com/spreadsheets/d/1BsfQQcO9C6DZCsRaXUlFlo91Tg2WpOkGARC1WS5S8t0/edit?usp=sharing), generated with kicad-footprint-generator")
    (tags "resistor handsolder")
    (path /5CE02173)
    (attr smd)
    (fp_text reference R2 (at 0 -1.65) (layer F.SilkS)
      (effects (font (size 1 1) (thickness 0.15)))
    )
    (fp_text value 51R (at 0 1.65) (layer F.Fab)
      (effects (font (size 1 1) (thickness 0.15)))
    )
    (fp_text user %R (at 0 0) (layer F.Fab)
      (effects (font (size 0.5 0.5) (thickness 0.08)))
    )
    (fp_line (start 1.85 0.95) (end -1.85 0.95) (layer F.CrtYd) (width 0.05))
    (fp_line (start 1.85 -0.95) (end 1.85 0.95) (layer F.CrtYd) (width 0.05))
    (fp_line (start -1.85 -0.95) (end 1.85 -0.95) (layer F.CrtYd) (width 0.05))
    (fp_line (start -1.85 0.95) (end -1.85 -0.95) (layer F.CrtYd) (width 0.05))
    (fp_line (start -0.261252 0.71) (end 0.261252 0.71) (layer F.SilkS) (width 0.12))
    (fp_line (start -0.261252 -0.71) (end 0.261252 -0.71) (layer F.SilkS) (width 0.12))
    (fp_line (start 1 0.6) (end -1 0.6) (layer F.Fab) (width 0.1))
    (fp_line (start 1 -0.6) (end 1 0.6) (layer F.Fab) (width 0.1))
    (fp_line (start -1 -0.6) (end 1 -0.6) (layer F.Fab) (width 0.1))
    (fp_line (start -1 0.6) (end -1 -0.6) (layer F.Fab) (width 0.1))
    (pad 2 smd roundrect (at 1.025 0) (size 1.15 1.4) (layers F.Cu F.Paste F.Mask) (roundrect_rratio 0.217391)
      (net 3 "Net-(D4-Pad2)"))
    (pad 1 smd roundrect (at -1.025 0) (size 1.15 1.4) (layers F.Cu F.Paste F.Mask) (roundrect_rratio 0.217391)
      (net 4 VCC))
    (model ${KISYS3DMOD}/Resistor_SMD.3dshapes/R_0805_2012Metric.wrl
      (at (xyz 0 0 0))
      (scale (xyz 1 1 1))
      (rotate (xyz 0 0 0))
    )
  )

  (module Kirby_SAO:Badgelife-SAOv169-SAO-2x3 (layer F.Cu) (tedit 5CE02EFF) (tstamp 5CE5F4C8)
    (at 97.966001 55.200001)
    (descr "Through hole straight IDC box header, 2x03, 2.54mm pitch, double rows")
    (tags "Through hole IDC box header THT 2x03 2.54mm double row")
    (path /5CE60527)
    (fp_text reference X1 (at 0 -5.842) (layer B.SilkS)
      (effects (font (size 1 1) (thickness 0.15)) (justify mirror))
    )
    (fp_text value Badgelife_sao_connector_v169bis (at 0 -7.7) (layer F.Fab)
      (effects (font (size 1 1) (thickness 0.15)))
    )
    (fp_text user %R (at 0.06 0.02 270) (layer F.Fab)
      (effects (font (size 1 1) (thickness 0.15)))
    )
    (fp_line (start -2.54 -4.064) (end -7.366 -4.064) (layer B.SilkS) (width 0.7))
    (fp_line (start 7.27964 -4.1148) (end 2.54 -4.1148) (layer B.SilkS) (width 0.7))
    (fp_line (start -7.366 -4.064) (end -7.366 4.318) (layer B.SilkS) (width 0.7))
    (fp_line (start -7.366 4.318) (end 7.366 4.318) (layer B.SilkS) (width 0.7))
    (fp_line (start 7.366 4.318) (end 7.366 -4.064) (layer B.SilkS) (width 0.7))
    (fp_text user VCC (at -2.54 -2.794 unlocked) (layer B.SilkS)
      (effects (font (size 0.75 0.75) (thickness 0.15)) (justify mirror))
    )
    (fp_text user SDA (at 0 -2.794 unlocked) (layer B.SilkS)
      (effects (font (size 0.75 0.75) (thickness 0.15)) (justify mirror))
    )
    (fp_text user GPIO1 (at 3.937 -2.794 unlocked) (layer B.SilkS)
      (effects (font (size 0.75 0.75) (thickness 0.15)) (justify mirror))
    )
    (fp_text user GND (at -2.54 3.048 unlocked) (layer B.SilkS)
      (effects (font (size 0.75 0.75) (thickness 0.15)) (justify mirror))
    )
    (fp_text user SCL (at 0 3.048) (layer B.SilkS)
      (effects (font (size 0.75 0.75) (thickness 0.15)) (justify mirror))
    )
    (fp_text user GPIO2 (at 3.937 3.048) (layer B.SilkS)
      (effects (font (size 0.75 0.75) (thickness 0.15)) (justify mirror))
    )
    (fp_circle (center -4.953 -6.45) (end -3.953 -6.45) (layer B.SilkS) (width 0.5))
    (pad 5 thru_hole circle (at 2.6 -1.25 270) (size 1.7272 1.7272) (drill 1.016) (layers *.Cu *.Mask)
      (net 5 "Net-(X1-Pad5)"))
    (pad 6 thru_hole circle (at 2.6 1.29 270) (size 1.7272 1.7272) (drill 1.016) (layers *.Cu *.Mask)
      (net 6 "Net-(X1-Pad6)"))
    (pad 3 thru_hole oval (at 0.06 -1.25 270) (size 1.7272 1.7272) (drill 1.016) (layers *.Cu *.Mask)
      (net 7 "Net-(X1-Pad3)"))
    (pad 4 thru_hole oval (at 0.06 1.29 270) (size 1.7272 1.7272) (drill 1.016) (layers *.Cu *.Mask)
      (net 8 "Net-(X1-Pad4)"))
    (pad 1 thru_hole oval (at -2.48 -1.25 270) (size 1.7272 1.7272) (drill 1.016) (layers *.Cu *.Mask)
      (net 4 VCC))
    (pad 2 thru_hole rect (at -2.48 1.29 270) (size 1.7272 1.7272) (drill 1.016) (layers *.Cu *.Mask)
      (net 1 GND))
    (model ${KISYS3DMOD}/Connector_IDC.3dshapes/IDC-Header_2x03_P2.54mm_Vertical.wrl
      (offset (xyz -2.5 1.2 -1.6))
      (scale (xyz 1 1 1))
      (rotate (xyz 180 0 90))
    )
  )

)
